Filled container:
0: It is a diagonal matrix. Dimension = 8, Sum = -1, Average = -0.015625
1 0 0 0 0 0 0 0
0 -5 0 0 0 0 0 0
0 0 1 0 0 0 0 0
0 0 0 0 0 0 0 0
0 0 0 0 -1 0 0 0
0 0 0 0 0 -2 0 0
0 0 0 0 0 0 0 0
0 0 0 0 0 0 0 5
1: It is a diagonal matrix. Dimension = 16, Sum = -5, Average = -0.0195312
-3 0 0 0 0 0 0 0 0 0 0 0 0 0 0 0
0 3 0 0 0 0 0 0 0 0 0 0 0 0 0 0
0 0 8 0 0 0 0 0 0 0 0 0 0 0 0 0
0 0 0 -8 0 0 0 0 0 0 0 0 0 0 0 0
0 0 0 0 5 0 0 0 0 0 0 0 0 0 0 0
0 0 0 0 0 -7 0 0 0 0 0 0 0 0 0 0
0 0 0 0 0 0 -5 0 0 0 0 0 0 0 0 0
0 0 0 0 0 0 0 9 0 0 0 0 0 0 0 0
0 0 0 0 0 0 0 0 3 0 0 0 0 0 0 0
0 0 0 0 0 0 0 0 0 -5 0 0 0 0 0 0
0 0 0 0 0 0 0 0 0 0 10 0 0 0 0 0
0 0 0 0 0 0 0 0 0 0 0 -3 0 0 0 0
0 0 0 0 0 0 0 0 0 0 0 0 -7 0 0 0
0 0 0 0 0 0 0 0 0 0 0 0 0 -3 0 0
0 0 0 0 0 0 0 0 0 0 0 0 0 0 -6 0
0 0 0 0 0 0 0 0 0 0 0 0 0 0 0 4
2: It is a square matrix. Dimension = 3, Sum = -27, Average = -3
3 -5 -8
-6 -9 2
-5 0 1
3: It is a diagonal matrix. Dimension = 16, Sum = -9, Average = -0.0351562
5 0 0 0 0 0 0 0 0 0 0 0 0 0 0 0
0 -1 0 0 0 0 0 0 0 0 0 0 0 0 0 0
0 0 -7 0 0 0 0 0 0 0 0 0 0 0 0 0
0 0 0 10 0 0 0 0 0 0 0 0 0 0 0 0
0 0 0 0 8 0 0 0 0 0 0 0 0 0 0 0
0 0 0 0 0 6 0 0 0 0 0 0 0 0 0 0
0 0 0 0 0 0 4 0 0 0 0 0 0 0 0 0
0 0 0 0 0 0 0 2 0 0 0 0 0 0 0 0
0 0 0 0 0 0 0 0 10 0 0 0 0 0 0 0
0 0 0 0 0 0 0 0 0 -6 0 0 0 0 0 0
0 0 0 0 0 0 0 0 0 0 -6 0 0 0 0 0
0 0 0 0 0 0 0 0 0 0 0 -6 0 0 0 0
0 0 0 0 0 0 0 0 0 0 0 0 -7 0 0 0
0 0 0 0 0 0 0 0 0 0 0 0 0 -8 0 0
0 0 0 0 0 0 0 0 0 0 0 0 0 0 -4 0
0 0 0 0 0 0 0 0 0 0 0 0 0 0 0 -9
4: It is a low triangle matrix. Dimension = 19, Sum = 118, Average = 0.32687
-2 0 0 0 0 0 0 0 0 0 0 0 0 0 0 0 0 0 0
9 -7 0 0 0 0 0 0 0 0 0 0 0 0 0 0 0 0 0
-6 -9 -4 0 0 0 0 0 0 0 0 0 0 0 0 0 0 0 0
-5 -6 -8 -4 0 0 0 0 0 0 0 0 0 0 0 0 0 0 0
-3 5 -9 3 5 0 0 0 0 0 0 0 0 0 0 0 0 0 0
-7 2 2 8 7 -6 0 0 0 0 0 0 0 0 0 0 0 0 0
7 -9 9 2 5 3 7 0 0 0 0 0 0 0 0 0 0 0 0
-2 7 -3 -3 -2 0 0 10 0 0 0 0 0 0 0 0 0 0 0
-3 -4 -7 -1 1 -9 5 2 4 0 0 0 0 0 0 0 0 0 0
0 4 -5 3 -6 -8 -2 2 4 9 0 0 0 0 0 0 0 0 0
-6 10 1 2 -3 9 1 -5 -4 2 5 0 0 0 0 0 0 0 0
-5 0 10 10 0 1 10 -5 4 -5 -4 9 0 0 0 0 0 0 0
0 0 -8 -7 0 -4 -2 -2 -1 -3 8 2 -4 0 0 0 0 0 0
6 4 0 -8 -5 6 8 5 -2 7 -6 8 7 10 0 0 0 0 0
-7 -9 7 -9 -8 -3 -7 6 6 -2 5 -7 -2 4 2 0 0 0 0
1 9 -3 -5 10 10 -1 6 8 5 -7 -4 9 2 -8 0 0 0 0
4 5 -3 -4 -2 3 10 6 10 -3 0 4 -4 -7 -5 7 3 0 0
-7 3 3 5 -9 10 -6 -2 4 -1 -4 -5 -7 -3 0 7 3 5 0
6 7 5 1 6 3 3 -9 1 5 7 9 10 10 1 2 -4 -7 -7
5: It is a low triangle matrix. Dimension = 10, Sum = 136, Average = 1.36
6 0 0 0 0 0 0 0 0 0
-1 -3 0 0 0 0 0 0 0 0
2 1 4 0 0 0 0 0 0 0
-9 9 8 -3 0 0 0 0 0 0
5 5 3 7 -8 0 0 0 0 0
8 -1 -7 10 6 9 0 0 0 0
8 5 0 10 8 5 4 0 0 0
10 5 6 5 -6 4 -4 -4 0 0
-3 8 -5 7 6 1 1 -9 -3 0
-6 8 -2 8 7 -7 7 -4 7 8
6: It is a diagonal matrix. Dimension = 6, Sum = -13, Average = -0.361111
-5 0 0 0 0 0
0 0 0 0 0 0
0 0 -5 0 0 0
0 0 0 1 0 0
0 0 0 0 -5 0
0 0 0 0 0 1
7: It is a square matrix. Dimension = 19, Sum = 251, Average = 0.695291
-2 10 7 -5 6 3 2 -4 5 2 2 1 -9 9 -2 -1 3 6 4
-1 4 0 -4 8 10 0 10 6 2 4 4 9 -5 -7 5 10 5 -3
7 -8 0 -2 2 1 9 9 9 1 -3 -5 2 10 -4 7 -1 7 9
-2 3 0 3 8 -9 7 10 5 -2 -3 3 -6 -2 -7 -6 1 -5 4
-9 -7 -6 -3 9 -3 8 7 6 -4 3 4 -4 7 5 8 5 5 -3
-4 -8 -4 2 4 -8 1 6 -5 -9 10 8 4 5 3 10 -5 2 8
-9 -3 5 -4 2 10 -8 8 0 -2 -5 -2 4 -4 -5 -5 9 -4 -2
-3 -8 10 -4 1 3 2 -6 -5 -1 -3 -8 -1 3 -2 4 6 10 -2
3 -9 5 7 -2 10 -8 2 7 3 0 -6 9 1 -7 6 -8 6 10
7 10 -2 -7 3 -2 -3 2 -8 -8 1 -9 -4 1 -3 -7 0 -3 6
4 -7 -2 -7 -4 8 3 10 4 -4 -3 3 -8 8 2 6 -8 9 4
4 2 -3 -6 2 3 -3 9 -3 6 -5 -8 -1 9 -8 -7 6 9 -2
5 -6 3 4 -2 -3 1 9 4 3 8 -2 -4 -9 4 -9 3 8 -3
-7 6 5 -3 8 5 7 1 8 2 -9 -5 8 7 -1 1 -6 -3 -8
5 -9 4 -6 10 1 -6 -5 1 6 -7 0 8 8 -6 6 -3 8 -6
-1 -3 5 0 -7 3 8 -6 -7 -9 0 6 -3 0 -1 0 -1 1 4
-4 -8 -9 -2 1 1 7 -4 -4 6 5 0 -6 -8 6 -5 6 -2 -8
9 -7 5 -1 8 -9 0 9 1 1 -1 6 6 -8 6 5 2 -4 -7
-1 -6 8 -6 -5 4 7 10 0 2 10 -6 1 -8 0 9 1 0 10
8: It is a low triangle matrix. Dimension = 12, Sum = 73, Average = 0.506944
0 0 0 0 0 0 0 0 0 0 0 0
8 9 0 0 0 0 0 0 0 0 0 0
-5 9 -3 0 0 0 0 0 0 0 0 0
9 -7 2 -8 0 0 0 0 0 0 0 0
1 -3 1 -4 -7 0 0 0 0 0 0 0
6 -8 -7 8 4 4 0 0 0 0 0 0
-9 -6 -3 0 4 7 1 0 0 0 0 0
3 8 5 -7 5 -5 9 -5 0 0 0 0
1 0 9 -7 -7 -8 -9 3 -3 0 0 0
-6 -1 -1 8 8 4 -7 8 7 -1 0 0
9 -8 7 -9 -4 4 5 10 10 2 9 0
7 -8 -2 5 6 0 6 7 4 -7 2 4
9: It is a diagonal matrix. Dimension = 9, Sum = 25, Average = 0.308642
1 0 0 0 0 0 0 0 0
0 6 0 0 0 0 0 0 0
0 0 1 0 0 0 0 0 0
0 0 0 10 0 0 0 0 0
0 0 0 0 -6 0 0 0 0
0 0 0 0 0 1 0 0 0
0 0 0 0 0 0 8 0 0
0 0 0 0 0 0 0 7 0
0 0 0 0 0 0 0 0 -3
10: It is a low triangle matrix. Dimension = 2, Sum = 2, Average = 0.5
3 0
-5 4
11: It is a diagonal matrix. Dimension = 16, Sum = 11, Average = 0.0429688
2 0 0 0 0 0 0 0 0 0 0 0 0 0 0 0
0 10 0 0 0 0 0 0 0 0 0 0 0 0 0 0
0 0 8 0 0 0 0 0 0 0 0 0 0 0 0 0
0 0 0 1 0 0 0 0 0 0 0 0 0 0 0 0
0 0 0 0 5 0 0 0 0 0 0 0 0 0 0 0
0 0 0 0 0 -5 0 0 0 0 0 0 0 0 0 0
0 0 0 0 0 0 2 0 0 0 0 0 0 0 0 0
0 0 0 0 0 0 0 -8 0 0 0 0 0 0 0 0
0 0 0 0 0 0 0 0 -9 0 0 0 0 0 0 0
0 0 0 0 0 0 0 0 0 -5 0 0 0 0 0 0
0 0 0 0 0 0 0 0 0 0 6 0 0 0 0 0
0 0 0 0 0 0 0 0 0 0 0 2 0 0 0 0
0 0 0 0 0 0 0 0 0 0 0 0 1 0 0 0
0 0 0 0 0 0 0 0 0 0 0 0 0 8 0 0
0 0 0 0 0 0 0 0 0 0 0 0 0 0 2 0
0 0 0 0 0 0 0 0 0 0 0 0 0 0 0 -9
12: It is a low triangle matrix. Dimension = 14, Sum = 39, Average = 0.19898
-9 0 0 0 0 0 0 0 0 0 0 0 0 0
-2 -6 0 0 0 0 0 0 0 0 0 0 0 0
0 6 -7 0 0 0 0 0 0 0 0 0 0 0
10 8 -3 -5 0 0 0 0 0 0 0 0 0 0
1 0 2 4 0 0 0 0 0 0 0 0 0 0
-9 6 6 -4 -3 7 0 0 0 0 0 0 0 0
8 -7 3 -8 3 -8 3 0 0 0 0 0 0 0
-4 -3 -3 -4 -4 -8 -3 -8 0 0 0 0 0 0
6 -3 1 -8 1 3 2 4 -4 0 0 0 0 0
3 -3 -9 10 2 9 6 -9 -9 10 0 0 0 0
-8 4 4 5 9 2 3 6 7 4 -8 0 0 0
0 0 -2 10 1 0 2 4 6 -1 8 -8 0 0
-9 7 3 9 3 3 10 -6 -3 -5 7 -9 5 0
-2 3 -8 7 8 -7 8 -3 -7 8 0 2 -9 5
13: It is a square matrix. Dimension = 2, Sum = 16, Average = 4
3 10
4 -1
14: It is a square matrix. Dimension = 13, Sum = 48, Average = 0.284024
3 -1 -6 7 5 10 -5 5 4 -5 9 -3 3
6 -1 0 5 -7 9 6 -3 2 0 -5 3 -8
-5 -4 1 -2 0 5 6 3 1 0 -6 -2 -6
-1 -6 4 5 6 0 6 7 6 8 6 1 -6
-3 10 -1 1 -8 3 -2 -6 10 8 8 -2 -8
-9 7 -4 10 3 4 -7 -4 -9 0 -3 6 -4
-8 3 3 2 7 1 2 7 -9 -5 -1 -1 10
10 -4 -1 -3 9 -1 6 -6 10 -2 0 -8 3
0 -7 2 7 -9 3 -1 3 7 7 -6 -2 -5
6 -6 -5 -6 5 7 -9 -7 -7 10 -6 0 5
-7 7 -6 7 -8 -5 1 3 -9 1 -5 -8 -6
-9 0 9 10 5 4 5 1 8 -1 -3 0 -6
0 -1 -3 9 -6 -9 -2 9 -1 -1 -6 10 -9
15: It is a square matrix. Dimension = 10, Sum = 76, Average = 0.76
7 -1 -5 0 9 -7 -1 -5 7 6
5 -4 -6 -8 5 9 -7 -6 7 3
9 8 2 7 -4 10 10 7 2 -2
-3 -1 6 1 8 -4 4 8 0 -8
3 7 -3 -1 0 3 -3 2 -2 -6
6 -4 3 -2 -7 0 -3 4 -3 1
3 -5 9 -1 5 -2 -4 10 7 -2
3 0 -6 1 0 3 -6 -2 6 1
-7 1 -1 5 0 -7 7 7 -2 -7
9 -9 -3 7 -9 3 6 -4 -5 2
16: It is a square matrix. Dimension = 17, Sum = 7, Average = 0.0242215
3 -2 -2 -8 10 1 -8 5 3 -6 8 3 1 -3 5 -3 5
-7 -9 3 5 9 -9 5 -7 -2 2 -3 10 -5 -6 -6 2 -7
-4 -6 -5 9 0 7 -8 -3 -8 2 -4 6 0 10 0 -8 -5
-6 10 -5 8 -7 3 0 -9 -6 -4 -6 -3 -1 -4 -6 2 -8
-8 -8 9 -6 10 2 -3 -5 -3 -1 7 7 0 -9 2 -8 -5
0 6 -1 1 6 2 6 2 1 6 -1 4 -2 1 6 -9 -9
1 2 2 -1 -1 0 -1 -5 -4 9 -5 8 10 -9 9 -3 0
-9 -8 3 6 -5 -7 -7 4 -1 0 6 6 -8 6 8 4 9
-4 -8 -2 5 -4 -4 -5 -8 5 6 -8 3 -8 -7 -5 5 -2
10 10 -8 -8 -5 0 -6 10 -5 7 -3 -8 0 -5 10 -7 2
-4 10 7 -8 3 1 7 -3 5 8 -1 9 2 -2 0 -7 0
-6 -3 1 9 -4 6 5 -6 -1 7 -2 10 9 10 7 1 -2
8 -7 1 4 -1 7 -7 0 6 -3 7 7 -1 8 2 -2 -1
0 -5 -6 7 -1 -6 3 6 6 -7 -3 2 3 -3 0 6 7
-7 -6 3 8 -5 10 -6 -8 -1 -6 9 10 1 -3 -8 6 -8
8 6 8 0 1 3 2 0 -6 7 6 3 2 -6 -2 -3 -2
-5 2 -2 10 -5 -2 -7 -7 -3 4 -8 -2 -9 5 7 6 2
17: It is a diagonal matrix. Dimension = 18, Sum = 10, Average = 0.0308642
-6 0 0 0 0 0 0 0 0 0 0 0 0 0 0 0 0 0
0 0 0 0 0 0 0 0 0 0 0 0 0 0 0 0 0 0
0 0 9 0 0 0 0 0 0 0 0 0 0 0 0 0 0 0
0 0 0 -2 0 0 0 0 0 0 0 0 0 0 0 0 0 0
0 0 0 0 8 0 0 0 0 0 0 0 0 0 0 0 0 0
0 0 0 0 0 4 0 0 0 0 0 0 0 0 0 0 0 0
0 0 0 0 0 0 2 0 0 0 0 0 0 0 0 0 0 0
0 0 0 0 0 0 0 -9 0 0 0 0 0 0 0 0 0 0
0 0 0 0 0 0 0 0 -1 0 0 0 0 0 0 0 0 0
0 0 0 0 0 0 0 0 0 9 0 0 0 0 0 0 0 0
0 0 0 0 0 0 0 0 0 0 -3 0 0 0 0 0 0 0
0 0 0 0 0 0 0 0 0 0 0 7 0 0 0 0 0 0
0 0 0 0 0 0 0 0 0 0 0 0 5 0 0 0 0 0
0 0 0 0 0 0 0 0 0 0 0 0 0 0 0 0 0 0
0 0 0 0 0 0 0 0 0 0 0 0 0 0 -6 0 0 0
0 0 0 0 0 0 0 0 0 0 0 0 0 0 0 4 0 0
0 0 0 0 0 0 0 0 0 0 0 0 0 0 0 0 -4 0
0 0 0 0 0 0 0 0 0 0 0 0 0 0 0 0 0 -7
18: It is a square matrix. Dimension = 1, Sum = -1, Average = -1
-1
19: It is a low triangle matrix. Dimension = 2, Sum = 9, Average = 2.25
-1 0
4 6
20: It is a low triangle matrix. Dimension = 9, Sum = -16, Average = -0.197531
10 0 0 0 0 0 0 0 0
-7 8 0 0 0 0 0 0 0
-7 -6 7 0 0 0 0 0 0
-8 -9 -8 -4 0 0 0 0 0
-9 1 6 9 -3 0 0 0 0
1 -9 -8 6 -4 -6 0 0 0
-6 -4 -6 7 9 2 0 0 0
-3 -1 0 -4 -7 -2 10 -4 0
6 -8 8 -1 9 8 9 4 -2
21: It is a low triangle matrix. Dimension = 4, Sum = -2, Average = -0.125
-2 0 0 0
0 2 0 0
-4 -5 5 0
1 -1 2 0
22: It is a low triangle matrix. Dimension = 13, Sum = 92, Average = 0.544379
6 0 0 0 0 0 0 0 0 0 0 0 0
2 -7 0 0 0 0 0 0 0 0 0 0 0
3 4 -8 0 0 0 0 0 0 0 0 0 0
2 9 -1 -5 0 0 0 0 0 0 0 0 0
-2 7 -7 -5 -2 0 0 0 0 0 0 0 0
7 -5 6 2 2 -4 0 0 0 0 0 0 0
5 7 0 0 10 0 3 0 0 0 0 0 0
-9 4 7 6 7 9 10 1 0 0 0 0 0
2 1 -9 2 -2 -1 -1 -8 -5 0 0 0 0
-2 0 -1 -7 -8 3 -2 6 -9 0 0 0 0
7 10 1 -9 10 6 8 -3 3 -2 8 0 0
5 2 -9 5 -7 -2 5 1 -1 10 0 9 0
10 3 2 2 2 9 3 -9 -2 -6 -6 -2 6
23: It is a low triangle matrix. Dimension = 5, Sum = 15, Average = 0.6
4 0 0 0 0
-7 -5 0 0 0
2 7 6 0 0
2 2 8 1 0
-4 -9 1 7 0
24: It is a low triangle matrix. Dimension = 17, Sum = 88, Average = 0.304498
4 0 0 0 0 0 0 0 0 0 0 0 0 0 0 0 0
-6 10 0 0 0 0 0 0 0 0 0 0 0 0 0 0 0
-4 -7 -6 0 0 0 0 0 0 0 0 0 0 0 0 0 0
-4 0 -2 -9 0 0 0 0 0 0 0 0 0 0 0 0 0
7 5 2 4 -2 0 0 0 0 0 0 0 0 0 0 0 0
4 0 1 1 -5 4 0 0 0 0 0 0 0 0 0 0 0
4 4 -6 1 -4 -3 10 0 0 0 0 0 0 0 0 0 0
6 -3 6 -1 1 5 -4 3 0 0 0 0 0 0 0 0 0
9 -6 4 8 -6 -8 -6 5 -3 0 0 0 0 0 0 0 0
1 -9 6 4 1 2 -3 6 -4 1 0 0 0 0 0 0 0
8 1 -1 7 8 5 -6 9 -5 9 -6 0 0 0 0 0 0
-1 -1 -3 4 8 -7 6 -9 7 -8 -7 7 0 0 0 0 0
0 6 9 -9 -7 -4 -4 -5 -6 -1 3 10 -4 0 0 0 0
9 6 6 6 -4 10 -6 4 8 0 -7 10 -5 -7 0 0 0
7 8 7 -5 9 3 6 10 -3 -9 7 -7 -6 -5 -3 0 0
6 -7 -5 1 8 10 6 -1 6 -9 -3 -5 5 -4 -9 -1 0
4 8 -5 9 7 -1 -4 -2 5 -4 -6 -1 -8 -9 5 7 5
25: It is a low triangle matrix. Dimension = 19, Sum = 174, Average = 0.481994
-6 0 0 0 0 0 0 0 0 0 0 0 0 0 0 0 0 0 0
1 -4 0 0 0 0 0 0 0 0 0 0 0 0 0 0 0 0 0
3 8 8 0 0 0 0 0 0 0 0 0 0 0 0 0 0 0 0
9 -8 2 6 0 0 0 0 0 0 0 0 0 0 0 0 0 0 0
-8 2 -8 2 -2 0 0 0 0 0 0 0 0 0 0 0 0 0 0
2 10 7 7 -3 -7 0 0 0 0 0 0 0 0 0 0 0 0 0
-8 -8 2 -7 -8 8 1 0 0 0 0 0 0 0 0 0 0 0 0
-2 -1 -1 2 10 -4 -6 -1 0 0 0 0 0 0 0 0 0 0 0
-7 4 1 -4 -9 -6 -1 -8 5 0 0 0 0 0 0 0 0 0 0
7 3 4 3 -1 2 5 -7 4 8 0 0 0 0 0 0 0 0 0
-5 -3 6 -2 5 6 -2 8 -3 4 3 0 0 0 0 0 0 0 0
6 -2 8 -4 -4 8 -9 4 2 6 0 -6 0 0 0 0 0 0 0
-9 4 -5 3 -9 9 8 8 5 -6 -5 -8 0 0 0 0 0 0 0
3 0 -3 9 -7 9 4 -8 6 1 -3 -4 2 -9 0 0 0 0 0
7 9 -8 2 9 6 -2 -7 -2 -4 10 7 -9 6 4 0 0 0 0
4 7 -4 -7 -6 -6 7 4 0 9 -8 10 -5 9 -7 7 0 0 0
5 -9 1 8 10 8 -4 4 -5 1 -4 -9 -7 -9 -4 7 7 0 0
1 1 2 5 -2 8 -6 8 1 5 4 -1 8 1 5 8 3 2 0
-1 0 7 5 -4 10 10 8 4 2 -6 -8 10 4 3 2 10 10 -9
26: It is a square matrix. Dimension = 9, Sum = 112, Average = 1.38272
1 -8 -8 1 9 -6 -5 -2 6
6 -1 7 -5 -7 -8 6 4 2
-1 -5 5 1 -6 10 -7 -3 2
4 9 8 -8 -1 9 -7 9 -1
9 5 -1 4 1 7 1 5 1
-6 0 6 5 0 2 -9 10 5
3 4 4 6 9 2 3 2 3
-6 -3 -7 2 -5 8 10 0 10
-2 10 -4 0 6 -3 7 -8 6
27: It is a square matrix. Dimension = 15, Sum = 95, Average = 0.422222
-2 5 -3 3 -2 4 2 1 8 5 -7 -9 -9 -4 -5
7 5 6 -3 4 6 8 9 -5 3 -5 4 5 2 -9
-9 9 5 9 -6 4 2 5 -5 -1 -9 9 -8 4 6
-4 0 0 -9 6 5 6 4 -5 3 8 -9 -4 -6 3
8 -6 -7 3 -8 -4 8 3 2 4 4 3 3 5 -4
10 10 -3 -8 10 -7 6 -2 -2 3 10 7 3 -5 -9
7 -8 -6 2 -4 -4 -1 6 0 -9 -1 -7 -5 3 7
-8 3 -2 -2 4 10 -8 -9 -3 -1 3 -4 8 8 -8
8 -4 5 -9 7 3 8 8 -2 -2 8 -2 -8 4 -9
1 5 -5 8 4 0 7 6 0 -7 6 5 10 3 -6
-9 0 -1 6 -7 8 -2 2 5 5 9 -6 4 3 7
-4 -7 -7 0 2 6 9 -9 -7 -9 -7 1 -3 5 -7
0 5 -5 8 0 9 5 -1 0 -9 5 -9 -6 -1 3
2 4 -3 4 6 8 -8 -4 8 -6 -4 3 4 2 -3
-1 3 -9 -5 1 -7 -7 7 1 2 0 8 2 3 -4
28: It is a low triangle matrix. Dimension = 5, Sum = 16, Average = 0.64
1 0 0 0 0
0 0 0 0 0
-4 10 1 0 0
2 7 -3 -1 0
-9 2 3 -3 10
29: It is a diagonal matrix. Dimension = 20, Sum = 7, Average = 0.0175
-6 0 0 0 0 0 0 0 0 0 0 0 0 0 0 0 0 0 0 0
0 -3 0 0 0 0 0 0 0 0 0 0 0 0 0 0 0 0 0 0
0 0 4 0 0 0 0 0 0 0 0 0 0 0 0 0 0 0 0 0
0 0 0 -4 0 0 0 0 0 0 0 0 0 0 0 0 0 0 0 0
0 0 0 0 6 0 0 0 0 0 0 0 0 0 0 0 0 0 0 0
0 0 0 0 0 6 0 0 0 0 0 0 0 0 0 0 0 0 0 0
0 0 0 0 0 0 0 0 0 0 0 0 0 0 0 0 0 0 0 0
0 0 0 0 0 0 0 -5 0 0 0 0 0 0 0 0 0 0 0 0
0 0 0 0 0 0 0 0 3 0 0 0 0 0 0 0 0 0 0 0
0 0 0 0 0 0 0 0 0 -9 0 0 0 0 0 0 0 0 0 0
0 0 0 0 0 0 0 0 0 0 7 0 0 0 0 0 0 0 0 0
0 0 0 0 0 0 0 0 0 0 0 8 0 0 0 0 0 0 0 0
0 0 0 0 0 0 0 0 0 0 0 0 7 0 0 0 0 0 0 0
0 0 0 0 0 0 0 0 0 0 0 0 0 3 0 0 0 0 0 0
0 0 0 0 0 0 0 0 0 0 0 0 0 0 -9 0 0 0 0 0
0 0 0 0 0 0 0 0 0 0 0 0 0 0 0 8 0 0 0 0
0 0 0 0 0 0 0 0 0 0 0 0 0 0 0 0 -7 0 0 0
0 0 0 0 0 0 0 0 0 0 0 0 0 0 0 0 0 -4 0 0
0 0 0 0 0 0 0 0 0 0 0 0 0 0 0 0 0 0 -1 0
0 0 0 0 0 0 0 0 0 0 0 0 0 0 0 0 0 0 0 3
30: It is a low triangle matrix. Dimension = 6, Sum = 10, Average = 0.277778
9 0 0 0 0 0
0 8 0 0 0 0
1 -8 -5 0 0 0
-8 -4 6 8 0 0
-5 -1 5 10 -6 0
-6 -6 7 7 2 -4
31: It is a low triangle matrix. Dimension = 5, Sum = 19, Average = 0.76
-4 0 0 0 0
4 9 0 0 0
-6 -7 1 0 0
2 10 -8 3 0
7 -6 4 3 7
32: It is a square matrix. Dimension = 8, Sum = 33, Average = 0.515625
4 6 6 -1 -3 2 -6 -8
-2 10 3 -5 -6 -1 1 0
-3 -4 2 0 -1 1 1 -8
-3 -4 5 10 -8 8 9 6
3 -3 6 9 8 9 10 7
1 -5 -9 -4 3 -7 5 2
-2 -4 -9 7 -2 1 0 -3
-2 -6 8 -1 -8 6 6 -4
33: It is a square matrix. Dimension = 3, Sum = 4, Average = 0.444444
7 9 -8
-2 5 -6
2 -2 -1
34: It is a low triangle matrix. Dimension = 10, Sum = 22, Average = 0.22
-6 0 0 0 0 0 0 0 0 0
-2 8 0 0 0 0 0 0 0 0
-9 10 -4 0 0 0 0 0 0 0
-9 -8 5 -3 0 0 0 0 0 0
-1 0 -6 -1 1 0 0 0 0 0
9 -5 -1 3 -3 -5 0 0 0 0
-7 10 2 0 -7 6 7 0 0 0
-6 2 8 9 1 5 1 0 0 0
2 1 -7 -4 7 1 6 2 9 0
8 -7 5 -4 5 4 -8 -1 3 -4
35: It is a low triangle matrix. Dimension = 8, Sum = -93, Average = -1.45312
-9 0 0 0 0 0 0 0
-4 -7 0 0 0 0 0 0
-6 -6 -9 0 0 0 0 0
-4 0 -7 -3 0 0 0 0
-8 4 -1 -3 -8 0 0 0
9 4 4 -1 -6 6 0 0
-6 -9 -8 7 -7 0 -9 0
-2 10 10 -2 -5 -8 -7 -2
36: It is a diagonal matrix. Dimension = 8, Sum = -4, Average = -0.0625
8 0 0 0 0 0 0 0
0 7 0 0 0 0 0 0
0 0 4 0 0 0 0 0
0 0 0 1 0 0 0 0
0 0 0 0 -8 0 0 0
0 0 0 0 0 -8 0 0
0 0 0 0 0 0 -1 0
0 0 0 0 0 0 0 -7
37: It is a low triangle matrix. Dimension = 3, Sum = 22, Average = 2.44444
-2 0 0
10 8 0
5 -7 8
38: It is a low triangle matrix. Dimension = 11, Sum = 28, Average = 0.231405
2 0 0 0 0 0 0 0 0 0 0
8 2 0 0 0 0 0 0 0 0 0
9 7 1 0 0 0 0 0 0 0 0
8 -9 -5 2 0 0 0 0 0 0 0
-9 8 9 0 -4 0 0 0 0 0 0
-6 10 -3 -5 10 -8 0 0 0 0 0
-2 4 -1 -2 1 -6 -8 0 0 0 0
-1 1 3 10 -2 -6 1 -6 0 0 0
-4 10 7 0 2 -1 10 -8 8 0 0
7 -4 -1 6 -8 -2 7 0 -8 7 0
-1 -6 2 0 2 5 4 -6 -8 -1 -4
39: It is a square matrix. Dimension = 15, Sum = 123, Average = 0.546667
7 4 6 -2 -8 -3 0 1 -6 5 1 9 -2 0 -3
7 -7 5 -5 -3 9 -3 0 3 10 -5 -4 -1 0 -7
5 -3 -2 -8 -4 -9 -1 -3 -7 -6 -9 3 -8 -1 -7
10 7 -5 -4 4 -7 6 2 3 10 1 7 -4 1 9
10 7 7 10 9 -8 10 -3 -1 -7 0 -9 -3 -7 -9
-9 4 0 8 1 -7 10 -3 4 2 -4 6 -9 -7 9
9 -7 5 5 -8 -5 -2 3 -7 -2 5 2 -1 4 -4
-9 4 1 0 1 -8 2 1 10 7 4 7 -5 4 10
-7 2 4 -1 8 5 4 8 9 6 -5 -4 10 -5 9
7 -4 2 10 -3 5 -9 1 -5 2 -3 0 -2 -7 -6
9 -5 -3 2 4 7 8 9 4 7 -4 8 -8 -5 5
10 4 2 -7 3 8 7 -5 10 3 6 9 -7 5 -9
8 4 -4 -6 7 1 2 5 -9 -5 1 -4 5 2 -7
-1 -7 6 10 -5 10 -1 4 -6 -1 -4 1 -3 10 7
-3 7 -8 -6 3 9 -4 -6 3 -4 -9 -7 -6 5 -4
40: It is a low triangle matrix. Dimension = 15, Sum = -5, Average = -0.0222222
10 0 0 0 0 0 0 0 0 0 0 0 0 0 0
-5 -4 0 0 0 0 0 0 0 0 0 0 0 0 0
-6 -6 4 0 0 0 0 0 0 0 0 0 0 0 0
-1 9 4 5 0 0 0 0 0 0 0 0 0 0 0
-9 2 -4 7 9 0 0 0 0 0 0 0 0 0 0
5 9 4 -3 7 2 0 0 0 0 0 0 0 0 0
-8 -9 -1 -8 -7 2 -2 0 0 0 0 0 0 0 0
10 -1 -8 1 3 -3 4 -2 0 0 0 0 0 0 0
3 5 -4 -4 -9 -4 8 -4 5 0 0 0 0 0 0
-2 10 3 3 8 -9 -6 2 -9 3 0 0 0 0 0
-5 5 6 3 -4 -5 -4 6 -1 3 -9 0 0 0 0
7 7 5 4 -8 5 2 1 -9 -4 0 2 0 0 0
0 -7 -8 0 8 3 -8 0 7 6 8 -9 -9 0 0
4 -3 -2 -8 1 -2 0 -3 -7 -6 10 -1 5 1 0
-9 10 2 3 -9 4 4 0 -6 8 -7 3 -4 8 -8
41: It is a low triangle matrix. Dimension = 10, Sum = 25, Average = 0.25
5 0 0 0 0 0 0 0 0 0
-5 7 0 0 0 0 0 0 0 0
7 -3 6 0 0 0 0 0 0 0
-4 3 0 -9 0 0 0 0 0 0
-6 9 5 4 9 0 0 0 0 0
-4 -4 -7 8 1 6 0 0 0 0
-3 4 -5 -9 9 1 8 0 0 0
10 -1 9 5 -5 -3 -7 1 0 0
-7 10 5 2 -9 8 0 -3 2 0
-9 -5 -1 -7 -8 1 1 -9 7 5
42: It is a low triangle matrix. Dimension = 15, Sum = 73, Average = 0.324444
7 0 0 0 0 0 0 0 0 0 0 0 0 0 0
1 -4 0 0 0 0 0 0 0 0 0 0 0 0 0
-5 -1 2 0 0 0 0 0 0 0 0 0 0 0 0
-1 -2 -4 9 0 0 0 0 0 0 0 0 0 0 0
0 -4 3 3 8 0 0 0 0 0 0 0 0 0 0
-7 5 6 4 5 10 0 0 0 0 0 0 0 0 0
4 7 4 6 -3 -4 2 0 0 0 0 0 0 0 0
4 -4 8 0 -2 -6 -3 -1 0 0 0 0 0 0 0
-3 5 6 3 -4 -5 8 0 -1 0 0 0 0 0 0
-3 2 -7 -8 7 7 4 -8 -4 9 0 0 0 0 0
8 -6 -6 -9 7 -9 9 9 -1 4 -5 0 0 0 0
7 10 1 2 2 -2 -2 -9 8 -2 -3 -9 0 0 0
1 -9 0 9 4 1 6 2 10 10 -3 -9 -2 0 0
-3 1 8 5 -6 4 -7 5 -5 4 -3 2 3 9 0
-9 -9 -4 4 -7 8 -7 -9 1 3 -1 4 -5 -2 10
43: It is a diagonal matrix. Dimension = 7, Sum = 12, Average = 0.244898
8 0 0 0 0 0 0
0 -3 0 0 0 0 0
0 0 7 0 0 0 0
0 0 0 3 0 0 0
0 0 0 0 -8 0 0
0 0 0 0 0 0 0
0 0 0 0 0 0 5
44: It is a low triangle matrix. Dimension = 14, Sum = 58, Average = 0.295918
-9 0 0 0 0 0 0 0 0 0 0 0 0 0
4 8 0 0 0 0 0 0 0 0 0 0 0 0
-5 -5 0 0 0 0 0 0 0 0 0 0 0 0
-5 -8 -7 9 0 0 0 0 0 0 0 0 0 0
9 -5 10 -9 0 0 0 0 0 0 0 0 0 0
-2 4 4 -3 -5 0 0 0 0 0 0 0 0 0
-5 -8 -2 -9 -4 -9 1 0 0 0 0 0 0 0
3 -2 6 -5 4 -5 -1 0 0 0 0 0 0 0
5 -4 1 7 -6 -1 -8 5 -1 0 0 0 0 0
1 -8 4 6 10 0 7 -5 -7 6 0 0 0 0
7 -1 6 9 3 5 -3 7 10 1 -5 0 0 0
-1 -5 -8 1 4 -4 9 5 2 9 7 4 0 0
-6 2 -5 3 10 -9 6 5 0 6 -8 -2 -2 0
6 4 6 -2 7 2 -2 3 4 9 -4 1 -1 2
45: It is a square matrix. Dimension = 20, Sum = 217, Average = 0.5425
-2 -3 -7 1 2 -2 0 -6 5 -6 3 0 -5 3 -1 3 -4 -6 2 4
5 9 -3 10 -1 2 0 8 -6 -6 7 -7 0 1 4 3 8 5 7 2
1 -1 3 5 -9 3 9 9 -2 0 -6 -7 -9 0 4 -1 4 6 -4 -1
9 4 1 -2 -5 6 -9 4 1 7 -4 3 7 0 -3 0 -7 8 10 0
9 -7 -6 9 -5 8 -2 8 3 -5 -4 1 9 -2 0 5 -6 0 -2 -4
8 -5 8 5 5 6 6 -1 3 5 8 -6 -1 4 -8 3 -7 -9 -8 -3
-4 9 -1 6 -3 8 0 0 10 -1 5 7 4 -6 -7 -2 9 0 -2 -6
-6 -5 -3 -5 0 10 -1 2 -9 1 8 -4 -1 8 3 -3 6 4 6 5
-8 -8 -7 5 -5 -4 4 6 5 -9 1 1 8 7 -3 -3 -2 5 1 -2
7 10 -5 8 8 7 -6 -5 0 2 9 2 3 3 8 0 8 -6 7 -5
-6 -3 -3 3 5 -5 2 -8 9 4 -8 -2 3 -4 7 0 -7 10 -4 -6
-7 -6 5 -2 7 -5 -1 -4 -2 -5 -8 1 -7 10 6 7 -6 -3 0 5
10 1 -8 -6 7 8 -4 1 -1 1 4 2 -3 -9 1 5 -5 9 2 2
-7 4 4 -5 3 -1 3 -1 -3 4 -7 8 -5 6 -8 3 -5 9 -7 3
-1 6 6 5 6 -4 -9 2 -6 3 -7 8 8 7 4 0 -5 8 0 -6
2 2 -9 6 -3 4 -2 1 2 -8 6 -9 -1 -7 -3 7 -1 10 -2 -6
2 1 4 -1 9 -3 0 -7 -5 10 -4 6 1 9 -7 0 2 -8 10 -6
-7 -3 6 -7 0 -8 9 0 -9 -3 3 -6 -1 8 2 -3 7 4 -9 -9
3 9 -2 5 7 -8 -6 -2 -7 6 1 7 -8 -4 9 1 10 8 10 2
6 -5 -2 6 -8 9 4 8 -6 4 0 6 2 -1 -7 10 0 -4 -2 -6
46: It is a square matrix. Dimension = 10, Sum = 105, Average = 1.05
10 -3 -2 1 7 9 10 -1 0 -3
-5 7 -8 8 -2 5 -2 1 10 7
9 -6 8 -9 -7 9 8 0 -7 1
2 4 -1 9 6 -5 7 5 -5 8
-9 -1 -3 4 9 4 10 -4 6 10
4 4 -7 1 -4 -5 -8 -6 -3 -6
-4 8 -1 4 -2 -5 0 6 9 -3
3 2 -3 9 -5 -5 -6 -5 0 10
6 -6 -5 8 -4 1 4 -3 -4 2
0 -7 -9 1 6 10 5 7 5 -5
47: It is a diagonal matrix. Dimension = 8, Sum = 2, Average = 0.03125
-2 0 0 0 0 0 0 0
0 0 0 0 0 0 0 0
0 0 8 0 0 0 0 0
0 0 0 -5 0 0 0 0
0 0 0 0 4 0 0 0
0 0 0 0 0 -8 0 0
0 0 0 0 0 0 -1 0
0 0 0 0 0 0 0 6
48: It is a low triangle matrix. Dimension = 16, Sum = 11, Average = 0.0429688
9 0 0 0 0 0 0 0 0 0 0 0 0 0 0 0
-1 -5 0 0 0 0 0 0 0 0 0 0 0 0 0 0
-6 1 8 0 0 0 0 0 0 0 0 0 0 0 0 0
1 6 -8 2 0 0 0 0 0 0 0 0 0 0 0 0
8 -8 4 -5 -8 0 0 0 0 0 0 0 0 0 0 0
10 4 -2 -5 6 5 0 0 0 0 0 0 0 0 0 0
-6 7 -5 -2 -7 8 -2 0 0 0 0 0 0 0 0 0
8 0 -7 6 0 -3 1 -9 0 0 0 0 0 0 0 0
7 3 6 8 7 -4 1 0 -8 0 0 0 0 0 0 0
-6 0 5 2 -4 -7 8 -1 9 4 0 0 0 0 0 0
7 -9 1 -6 0 2 9 7 -8 -5 -2 0 0 0 0 0
-8 3 2 -1 -8 -2 -4 -5 0 -2 -2 1 0 0 0 0
4 1 -2 6 -9 -2 5 4 6 -3 -5 2 7 0 0 0
6 0 3 7 -4 2 0 9 6 9 10 -7 6 6 0 0
-6 -7 -6 -4 -1 -4 3 -6 -4 -9 0 2 6 -1 6 0
-3 -5 -7 -2 -1 2 4 3 -9 -6 -2 1 5 -8 -3 1
49: It is a low triangle matrix. Dimension = 1, Sum = 4, Average = 4
4
50: It is a square matrix. Dimension = 9, Sum = 31, Average = 0.382716
1 6 3 -1 6 4 10 -7 -8
-3 -8 8 -1 -1 9 10 4 1
3 7 0 -7 2 1 -9 -8 -2
-8 -3 1 0 7 -4 4 -5 3
-2 6 5 -9 -8 -2 9 1 7
7 -8 0 9 4 -3 -2 -1 0
0 -1 1 8 -8 7 -2 -6 -5
-5 -1 -8 -1 -2 7 -7 -1 1
-7 -3 3 9 5 4 10 -5 10
51: It is a low triangle matrix. Dimension = 12, Sum = 5, Average = 0.0347222
10 0 0 0 0 0 0 0 0 0 0 0
-3 -9 0 0 0 0 0 0 0 0 0 0
-2 -1 0 0 0 0 0 0 0 0 0 0
-8 -5 -1 -5 0 0 0 0 0 0 0 0
-8 3 3 -7 -9 0 0 0 0 0 0 0
3 1 6 -9 -9 8 0 0 0 0 0 0
9 3 -2 -5 9 9 -1 0 0 0 0 0
8 7 10 -1 5 2 -2 -6 0 0 0 0
-8 -1 10 -8 -5 -9 -3 0 5 0 0 0
-3 -8 -4 4 -8 8 -7 2 -7 0 0 0
6 -9 -1 -6 0 7 5 8 1 8 -5 0
-4 1 -4 -4 3 0 8 9 9 3 7 2
52: It is a low triangle matrix. Dimension = 3, Sum = -19, Average = -2.11111
-5 0 0
-3 -5 0
6 -9 -3
53: It is a low triangle matrix. Dimension = 1, Sum = -3, Average = -3
-3
54: It is a diagonal matrix. Dimension = 2, Sum = -5, Average = -1.25
-7 0
0 2
55: It is a square matrix. Dimension = 5, Sum = 34, Average = 1.36
0 -2 1 2 3
-2 -6 4 -5 4
-5 -1 1 6 8
3 -9 7 7 6
7 5 9 0 -9
56: It is a diagonal matrix. Dimension = 3, Sum = 19, Average = 2.11111
5 0 0
0 10 0
0 0 4
57: It is a low triangle matrix. Dimension = 1, Sum = 3, Average = 3
3
58: It is a diagonal matrix. Dimension = 12, Sum = -7, Average = -0.0486111
-5 0 0 0 0 0 0 0 0 0 0 0
0 -9 0 0 0 0 0 0 0 0 0 0
0 0 -2 0 0 0 0 0 0 0 0 0
0 0 0 0 0 0 0 0 0 0 0 0
0 0 0 0 7 0 0 0 0 0 0 0
0 0 0 0 0 -9 0 0 0 0 0 0
0 0 0 0 0 0 4 0 0 0 0 0
0 0 0 0 0 0 0 -4 0 0 0 0
0 0 0 0 0 0 0 0 1 0 0 0
0 0 0 0 0 0 0 0 0 0 0 0
0 0 0 0 0 0 0 0 0 0 5 0
0 0 0 0 0 0 0 0 0 0 0 5
59: It is a low triangle matrix. Dimension = 3, Sum = -1, Average = -0.111111
-6 0 0
7 2 0
8 -3 -9
60: It is a square matrix. Dimension = 15, Sum = 183, Average = 0.813333
5 7 -4 10 -2 -4 2 -9 -1 -2 3 6 8 -8 7
1 9 9 10 3 4 -9 6 -1 0 -3 -4 -2 9 -2
-8 3 -5 9 3 2 -6 6 -5 3 -6 -1 10 -9 0
6 -7 -2 -3 -7 -9 2 5 -2 10 6 -4 7 -6 -6
-5 7 -2 -1 6 2 10 9 -2 6 -7 -7 -5 -7 -7
4 0 -5 4 -2 9 -4 9 -4 3 0 -9 0 -3 -6
3 1 -9 2 9 -2 6 8 -4 -7 -4 -9 7 0 5
9 5 6 5 -2 -6 -4 3 4 -7 7 -6 -7 -4 0
9 0 10 1 -8 8 8 -1 -3 5 1 2 -3 9 3
-9 -1 -2 7 5 5 2 10 10 -5 4 6 10 7 -8
-1 -3 -7 -2 -1 -6 7 8 2 6 2 4 9 1 -6
2 1 2 1 9 -3 7 -8 8 6 -3 2 2 -4 10
-5 -3 -4 -3 -4 4 -7 -7 1 -4 0 4 2 -2 -6
5 9 -3 -3 -9 7 -5 8 9 -8 3 7 3 6 4
2 2 10 -1 1 -4 4 3 10 -6 0 -1 0 3 -2
61: It is a square matrix. Dimension = 8, Sum = 106, Average = 1.65625
9 1 -4 9 -2 0 6 8
1 -1 4 6 6 -3 -3 -2
9 6 8 6 -1 -8 5 -5
-7 5 -4 6 -8 0 5 10
3 10 9 2 -9 -4 -1 -7
4 4 8 -8 2 7 -1 0
-6 8 -5 -6 1 1 10 3
7 -5 -2 9 -3 4 0 9
62: It is a diagonal matrix. Dimension = 20, Sum = 23, Average = 0.0575
0 0 0 0 0 0 0 0 0 0 0 0 0 0 0 0 0 0 0 0
0 -5 0 0 0 0 0 0 0 0 0 0 0 0 0 0 0 0 0 0
0 0 -4 0 0 0 0 0 0 0 0 0 0 0 0 0 0 0 0 0
0 0 0 0 0 0 0 0 0 0 0 0 0 0 0 0 0 0 0 0
0 0 0 0 10 0 0 0 0 0 0 0 0 0 0 0 0 0 0 0
0 0 0 0 0 1 0 0 0 0 0 0 0 0 0 0 0 0 0 0
0 0 0 0 0 0 -7 0 0 0 0 0 0 0 0 0 0 0 0 0
0 0 0 0 0 0 0 -1 0 0 0 0 0 0 0 0 0 0 0 0
0 0 0 0 0 0 0 0 2 0 0 0 0 0 0 0 0 0 0 0
0 0 0 0 0 0 0 0 0 4 0 0 0 0 0 0 0 0 0 0
0 0 0 0 0 0 0 0 0 0 7 0 0 0 0 0 0 0 0 0
0 0 0 0 0 0 0 0 0 0 0 2 0 0 0 0 0 0 0 0
0 0 0 0 0 0 0 0 0 0 0 0 6 0 0 0 0 0 0 0
0 0 0 0 0 0 0 0 0 0 0 0 0 10 0 0 0 0 0 0
0 0 0 0 0 0 0 0 0 0 0 0 0 0 -9 0 0 0 0 0
0 0 0 0 0 0 0 0 0 0 0 0 0 0 0 10 0 0 0 0
0 0 0 0 0 0 0 0 0 0 0 0 0 0 0 0 6 0 0 0
0 0 0 0 0 0 0 0 0 0 0 0 0 0 0 0 0 -7 0 0
0 0 0 0 0 0 0 0 0 0 0 0 0 0 0 0 0 0 -7 0
0 0 0 0 0 0 0 0 0 0 0 0 0 0 0 0 0 0 0 5
63: It is a low triangle matrix. Dimension = 19, Sum = 150, Average = 0.415512
10 0 0 0 0 0 0 0 0 0 0 0 0 0 0 0 0 0 0
5 -1 0 0 0 0 0 0 0 0 0 0 0 0 0 0 0 0 0
-4 -1 1 0 0 0 0 0 0 0 0 0 0 0 0 0 0 0 0
6 -5 0 7 0 0 0 0 0 0 0 0 0 0 0 0 0 0 0
0 -3 -4 -9 0 0 0 0 0 0 0 0 0 0 0 0 0 0 0
10 -9 3 -5 8 7 0 0 0 0 0 0 0 0 0 0 0 0 0
10 -1 7 2 -6 10 4 0 0 0 0 0 0 0 0 0 0 0 0
9 -3 -6 0 3 3 5 3 0 0 0 0 0 0 0 0 0 0 0
-7 -8 8 -6 8 9 -7 5 9 0 0 0 0 0 0 0 0 0 0
2 4 9 -6 0 -2 10 -8 7 -1 0 0 0 0 0 0 0 0 0
3 10 10 8 0 8 3 9 0 -5 -5 0 0 0 0 0 0 0 0
-7 9 -4 10 -7 -7 0 7 7 -2 -2 -8 0 0 0 0 0 0 0
8 -7 -6 -4 5 -5 4 5 -1 3 4 -4 5 0 0 0 0 0 0
-7 8 3 2 5 8 -4 3 -7 7 -3 8 -4 -7 0 0 0 0 0
-4 -5 -8 -2 5 -5 -7 2 1 -3 -5 -5 5 -1 0 0 0 0 0
2 -7 2 -9 6 -7 5 -5 -9 10 -3 7 8 6 -7 3 0 0 0
-8 9 4 -9 3 0 -7 -6 10 -1 -2 6 5 7 -5 -4 1 0 0
6 -4 -4 1 3 0 1 2 -1 -3 -1 -6 -9 3 7 10 9 -1 0
2 -2 1 6 10 1 -7 5 7 1 2 -8 -8 -3 10 9 7 2 -9
64: It is a low triangle matrix. Dimension = 3, Sum = -16, Average = -1.77778
-1 0 0
-4 -7 0
-6 -4 6
65: It is a square matrix. Dimension = 17, Sum = 27, Average = 0.0934256
4 -9 -1 3 -6 6 -6 -4 8 1 -7 -9 -8 6 4 -2 5
2 7 -4 -6 -7 -2 -6 10 -7 10 -4 0 2 -8 -7 -6 -8
-3 -3 7 1 -5 -3 3 -3 9 4 4 2 3 -1 5 -1 4
9 -6 4 -8 -7 6 -9 10 -5 -6 4 9 -2 5 7 -4 -6
-3 0 0 1 -2 -2 -6 -8 9 7 -8 -5 -5 5 -7 -2 -2
7 -7 5 7 -8 1 3 5 -9 2 0 8 7 3 6 9 4
-3 8 -9 0 1 1 8 2 5 -7 9 0 -8 8 -4 6 3
4 8 5 -4 2 6 7 3 3 -4 7 -2 -6 -8 4 3 -8
-6 -6 -6 3 -3 1 -3 -5 10 -1 -7 -5 -6 -3 0 3 -9
6 7 6 -6 -1 10 -1 8 -2 -6 9 3 -1 3 -2 -6 -2
-9 0 8 -3 5 -1 -3 -1 -5 -7 -3 5 5 -3 -8 1 5
-5 2 -4 -4 -9 3 -9 1 -4 -1 -7 3 2 -7 -5 4 2
2 10 -9 8 -2 -5 10 4 1 -3 2 2 7 8 -1 10 -6
-4 10 6 -4 1 3 -3 -5 8 8 -3 -8 -7 9 -5 -8 1
5 -9 -3 4 4 8 10 8 -9 -1 5 -9 -2 8 -4 -2 -4
-6 8 0 0 4 9 9 -9 3 -8 1 7 -7 3 1 -6 9
7 -1 -2 -2 8 -1 6 3 -1 -6 -8 -3 -7 9 0 2 -1
66: It is a diagonal matrix. Dimension = 5, Sum = 12, Average = 0.48
-3 0 0 0 0
0 7 0 0 0
0 0 7 0 0
0 0 0 1 0
0 0 0 0 0
67: It is a low triangle matrix. Dimension = 20, Sum = 143, Average = 0.3575
3 0 0 0 0 0 0 0 0 0 0 0 0 0 0 0 0 0 0 0
1 0 0 0 0 0 0 0 0 0 0 0 0 0 0 0 0 0 0 0
-2 0 8 0 0 0 0 0 0 0 0 0 0 0 0 0 0 0 0 0
-2 -1 -4 -4 0 0 0 0 0 0 0 0 0 0 0 0 0 0 0 0
-1 -9 8 0 6 0 0 0 0 0 0 0 0 0 0 0 0 0 0 0
1 6 8 0 -5 -1 0 0 0 0 0 0 0 0 0 0 0 0 0 0
0 5 -4 -2 1 -8 9 0 0 0 0 0 0 0 0 0 0 0 0 0
3 -9 8 -5 1 9 -6 2 0 0 0 0 0 0 0 0 0 0 0 0
7 1 -9 -8 6 -1 4 -5 8 0 0 0 0 0 0 0 0 0 0 0
0 6 -5 9 -5 -1 10 4 5 -5 0 0 0 0 0 0 0 0 0 0
-9 8 8 1 0 8 -2 4 -1 -3 7 0 0 0 0 0 0 0 0 0
10 -7 9 2 6 5 3 -1 9 -8 0 4 0 0 0 0 0 0 0 0
-3 -9 0 -3 2 5 -8 -2 6 9 -5 8 -2 0 0 0 0 0 0 0
-7 -4 3 1 2 -9 -8 -4 9 -4 -9 3 8 -9 0 0 0 0 0 0
-6 9 -7 -1 -5 -7 1 2 -4 -5 -5 3 2 -7 7 0 0 0 0 0
0 -8 9 5 4 -9 8 4 5 5 2 10 5 7 7 -3 0 0 0 0
2 5 -1 2 2 -7 -8 5 -2 -3 9 10 0 3 -1 1 4 0 0 0
9 -5 -3 10 4 10 -4 -2 -7 -5 4 1 3 3 -8 9 3 4 0 0
0 6 -3 6 5 -5 -4 -3 5 8 5 -5 1 3 -8 -1 -6 -3 10 0
-1 -3 -7 -5 10 -5 7 -6 -3 -2 7 2 -1 -6 8 -5 8 -7 0 6
68: It is a diagonal matrix. Dimension = 20, Sum = -16, Average = -0.04
0 0 0 0 0 0 0 0 0 0 0 0 0 0 0 0 0 0 0 0
0 -5 0 0 0 0 0 0 0 0 0 0 0 0 0 0 0 0 0 0
0 0 0 0 0 0 0 0 0 0 0 0 0 0 0 0 0 0 0 0
0 0 0 5 0 0 0 0 0 0 0 0 0 0 0 0 0 0 0 0
0 0 0 0 -4 0 0 0 0 0 0 0 0 0 0 0 0 0 0 0
0 0 0 0 0 1 0 0 0 0 0 0 0 0 0 0 0 0 0 0
0 0 0 0 0 0 0 0 0 0 0 0 0 0 0 0 0 0 0 0
0 0 0 0 0 0 0 3 0 0 0 0 0 0 0 0 0 0 0 0
0 0 0 0 0 0 0 0 0 0 0 0 0 0 0 0 0 0 0 0
0 0 0 0 0 0 0 0 0 1 0 0 0 0 0 0 0 0 0 0
0 0 0 0 0 0 0 0 0 0 1 0 0 0 0 0 0 0 0 0
0 0 0 0 0 0 0 0 0 0 0 2 0 0 0 0 0 0 0 0
0 0 0 0 0 0 0 0 0 0 0 0 -3 0 0 0 0 0 0 0
0 0 0 0 0 0 0 0 0 0 0 0 0 -8 0 0 0 0 0 0
0 0 0 0 0 0 0 0 0 0 0 0 0 0 -1 0 0 0 0 0
0 0 0 0 0 0 0 0 0 0 0 0 0 0 0 6 0 0 0 0
0 0 0 0 0 0 0 0 0 0 0 0 0 0 0 0 -4 0 0 0
0 0 0 0 0 0 0 0 0 0 0 0 0 0 0 0 0 5 0 0
0 0 0 0 0 0 0 0 0 0 0 0 0 0 0 0 0 0 -7 0
0 0 0 0 0 0 0 0 0 0 0 0 0 0 0 0 0 0 0 -8
69: It is a low triangle matrix. Dimension = 11, Sum = -71, Average = -0.586777
7 0 0 0 0 0 0 0 0 0 0
-3 -3 0 0 0 0 0 0 0 0 0
4 -9 7 0 0 0 0 0 0 0 0
-8 -1 6 -7 0 0 0 0 0 0 0
4 7 -1 1 -3 0 0 0 0 0 0
9 5 7 -9 -5 10 0 0 0 0 0
-3 -3 -2 -8 2 4 -6 0 0 0 0
-5 -7 -3 -9 -8 3 -4 -8 0 0 0
-9 9 -7 -2 -8 -2 -5 0 8 0 0
-7 -2 -5 1 10 -1 -7 -3 -3 -8 0
10 0 -2 -6 -4 0 -8 8 1 4 6
70: It is a low triangle matrix. Dimension = 7, Sum = -3, Average = -0.0612245
4 0 0 0 0 0 0
-3 4 0 0 0 0 0
5 4 0 0 0 0 0
-5 -7 3 -6 0 0 0
-3 5 -6 -2 -1 0 0
-8 4 1 -9 6 8 0
6 -9 -3 7 9 0 -7
71: It is a diagonal matrix. Dimension = 14, Sum = 23, Average = 0.117347
-1 0 0 0 0 0 0 0 0 0 0 0 0 0
0 -3 0 0 0 0 0 0 0 0 0 0 0 0
0 0 2 0 0 0 0 0 0 0 0 0 0 0
0 0 0 -8 0 0 0 0 0 0 0 0 0 0
0 0 0 0 4 0 0 0 0 0 0 0 0 0
0 0 0 0 0 -5 0 0 0 0 0 0 0 0
0 0 0 0 0 0 2 0 0 0 0 0 0 0
0 0 0 0 0 0 0 8 0 0 0 0 0 0
0 0 0 0 0 0 0 0 9 0 0 0 0 0
0 0 0 0 0 0 0 0 0 6 0 0 0 0
0 0 0 0 0 0 0 0 0 0 3 0 0 0
0 0 0 0 0 0 0 0 0 0 0 8 0 0
0 0 0 0 0 0 0 0 0 0 0 0 -8 0
0 0 0 0 0 0 0 0 0 0 0 0 0 6
72: It is a diagonal matrix. Dimension = 11, Sum = -12, Average = -0.0991736
-1 0 0 0 0 0 0 0 0 0 0
0 0 0 0 0 0 0 0 0 0 0
0 0 -9 0 0 0 0 0 0 0 0
0 0 0 0 0 0 0 0 0 0 0
0 0 0 0 7 0 0 0 0 0 0
0 0 0 0 0 0 0 0 0 0 0
0 0 0 0 0 0 -5 0 0 0 0
0 0 0 0 0 0 0 8 0 0 0
0 0 0 0 0 0 0 0 -2 0 0
0 0 0 0 0 0 0 0 0 -8 0
0 0 0 0 0 0 0 0 0 0 -2
73: It is a low triangle matrix. Dimension = 4, Sum = -18, Average = -1.125
-9 0 0 0
-8 -6 0 0
9 3 -5 0
2 -1 -2 -1
74: It is a diagonal matrix. Dimension = 3, Sum = 18, Average = 2
4 0 0
0 7 0
0 0 7
75: It is a square matrix. Dimension = 13, Sum = 105, Average = 0.621302
-3 0 4 9 9 1 -2 5 -2 5 6 5 -6
1 -3 -5 4 -5 0 1 7 8 8 7 7 3
0 3 -1 1 -5 -3 2 9 -5 0 -9 -6 -6
-2 8 2 4 3 4 10 0 10 6 9 0 -6
-2 -3 -9 -5 9 -8 -1 9 -6 -4 -5 5 6
-9 6 6 -6 2 5 4 5 10 -4 -2 1 5
-3 -4 3 -2 0 -9 5 -8 7 -5 -7 7 6
9 -8 10 -5 -1 3 -9 -6 6 -6 0 -9 8
-1 -3 7 9 3 6 -5 -4 -7 -4 8 7 -3
-4 4 -9 -8 -1 9 6 10 -6 -6 -6 6 10
10 9 -1 10 -2 0 8 -6 -2 1 1 -6 -2
4 -1 7 -8 5 -8 -3 -2 5 5 -4 -8 -3
-9 8 0 6 -1 -9 -4 -1 3 3 8 -8 -1
76: It is a diagonal matrix. Dimension = 12, Sum = 16, Average = 0.111111
9 0 0 0 0 0 0 0 0 0 0 0
0 -1 0 0 0 0 0 0 0 0 0 0
0 0 1 0 0 0 0 0 0 0 0 0
0 0 0 -6 0 0 0 0 0 0 0 0
0 0 0 0 8 0 0 0 0 0 0 0
0 0 0 0 0 -3 0 0 0 0 0 0
0 0 0 0 0 0 -4 0 0 0 0 0
0 0 0 0 0 0 0 -6 0 0 0 0
0 0 0 0 0 0 0 0 10 0 0 0
0 0 0 0 0 0 0 0 0 2 0 0
0 0 0 0 0 0 0 0 0 0 1 0
0 0 0 0 0 0 0 0 0 0 0 5
77: It is a diagonal matrix. Dimension = 9, Sum = -6, Average = -0.0740741
-2 0 0 0 0 0 0 0 0
0 7 0 0 0 0 0 0 0
0 0 -9 0 0 0 0 0 0
0 0 0 -5 0 0 0 0 0
0 0 0 0 8 0 0 0 0
0 0 0 0 0 7 0 0 0
0 0 0 0 0 0 -5 0 0
0 0 0 0 0 0 0 1 0
0 0 0 0 0 0 0 0 -8
78: It is a diagonal matrix. Dimension = 3, Sum = -8, Average = -0.888889
-3 0 0
0 1 0
0 0 -6
79: It is a diagonal matrix. Dimension = 8, Sum = 2, Average = 0.03125
-2 0 0 0 0 0 0 0
0 -5 0 0 0 0 0 0
0 0 -1 0 0 0 0 0
0 0 0 8 0 0 0 0
0 0 0 0 -9 0 0 0
0 0 0 0 0 8 0 0
0 0 0 0 0 0 -5 0
0 0 0 0 0 0 0 8
80: It is a low triangle matrix. Dimension = 4, Sum = -30, Average = -1.875
-9 0 0 0
-6 0 0 0
9 -6 0 0
-3 -6 -4 -5
81: It is a square matrix. Dimension = 11, Sum = 75, Average = 0.619835
5 -4 -6 -1 2 -4 -6 8 4 1 4
4 -9 -4 1 7 -7 1 2 -6 -4 4
4 -9 -7 -9 -5 -2 7 -2 0 -7 3
3 1 -6 1 4 3 6 7 9 -1 -1
-6 9 -5 -3 -9 6 -8 9 -1 5 9
1 5 5 1 1 -7 10 -5 5 -5 5
1 5 -9 -7 -8 -1 3 0 7 7 10
-9 5 10 6 6 8 7 0 -1 9 7
-7 -1 9 -5 -9 -6 2 7 8 -8 -7
0 6 -6 8 -1 -5 4 7 -6 4 1
5 -8 8 -5 0 9 3 -2 5 -3 -1
82: It is a low triangle matrix. Dimension = 4, Sum = -28, Average = -1.75
-1 0 0 0
-1 5 0 0
-5 -4 -2 0
-3 -2 -7 -8
83: It is a square matrix. Dimension = 3, Sum = -10, Average = -1.11111
-4 9 9
-9 -6 -9
-3 -5 8
84: It is a low triangle matrix. Dimension = 14, Sum = 67, Average = 0.341837
7 0 0 0 0 0 0 0 0 0 0 0 0 0
5 4 0 0 0 0 0 0 0 0 0 0 0 0
-7 4 -8 0 0 0 0 0 0 0 0 0 0 0
6 7 -8 6 0 0 0 0 0 0 0 0 0 0
1 8 4 8 6 0 0 0 0 0 0 0 0 0
-9 2 -1 -5 5 4 0 0 0 0 0 0 0 0
5 -5 -4 9 -4 -6 5 0 0 0 0 0 0 0
5 5 -1 1 -9 4 -4 4 0 0 0 0 0 0
5 3 -8 -2 -1 -6 7 -8 3 0 0 0 0 0
2 -8 -5 10 8 1 -5 3 5 -8 0 0 0 0
1 10 -5 -5 5 1 -5 7 -6 0 -8 0 0 0
7 -6 -3 1 -7 5 4 9 6 -3 -8 7 0 0
-7 3 -4 3 7 8 9 0 -2 9 5 -5 -5 0
-5 -9 3 -2 1 -3 7 -4 3 9 -9 -3 2 9
85: It is a low triangle matrix. Dimension = 10, Sum = 0, Average = 0
-9 0 0 0 0 0 0 0 0 0
0 2 0 0 0 0 0 0 0 0
3 5 6 0 0 0 0 0 0 0
-8 -5 5 1 0 0 0 0 0 0
-6 -5 7 -2 -9 0 0 0 0 0
-8 -9 3 -9 -7 9 0 0 0 0
-1 -2 -7 -3 -2 -1 9 0 0 0
9 -8 10 1 -7 2 5 0 0 0
9 6 4 -5 9 -1 -1 5 7 0
-1 -2 -1 4 -1 1 -6 7 0 -3
86: It is a diagonal matrix. Dimension = 10, Sum = -36, Average = -0.36
-3 0 0 0 0 0 0 0 0 0
0 -4 0 0 0 0 0 0 0 0
0 0 -2 0 0 0 0 0 0 0
0 0 0 -1 0 0 0 0 0 0
0 0 0 0 -5 0 0 0 0 0
0 0 0 0 0 0 0 0 0 0
0 0 0 0 0 0 -7 0 0 0
0 0 0 0 0 0 0 -2 0 0
0 0 0 0 0 0 0 0 -6 0
0 0 0 0 0 0 0 0 0 -6
87: It is a low triangle matrix. Dimension = 12, Sum = 25, Average = 0.173611
-1 0 0 0 0 0 0 0 0 0 0 0
1 0 0 0 0 0 0 0 0 0 0 0
8 2 6 0 0 0 0 0 0 0 0 0
-4 2 -6 4 0 0 0 0 0 0 0 0
-5 -6 6 -1 2 0 0 0 0 0 0 0
-5 5 -3 -4 3 2 0 0 0 0 0 0
-5 3 7 4 6 -6 8 0 0 0 0 0
1 -8 -9 10 -5 -8 7 -2 0 0 0 0
7 -8 9 10 -3 6 5 -8 -6 0 0 0
-3 8 0 3 -6 -8 7 -2 5 3 0 0
-8 -8 -2 1 2 -8 1 -7 8 -6 9 0
-5 10 2 5 2 8 0 -4 1 3 2 -9
88: It is a diagonal matrix. Dimension = 17, Sum = 22, Average = 0.0761246
-6 0 0 0 0 0 0 0 0 0 0 0 0 0 0 0 0
0 -2 0 0 0 0 0 0 0 0 0 0 0 0 0 0 0
0 0 3 0 0 0 0 0 0 0 0 0 0 0 0 0 0
0 0 0 -7 0 0 0 0 0 0 0 0 0 0 0 0 0
0 0 0 0 4 0 0 0 0 0 0 0 0 0 0 0 0
0 0 0 0 0 7 0 0 0 0 0 0 0 0 0 0 0
0 0 0 0 0 0 6 0 0 0 0 0 0 0 0 0 0
0 0 0 0 0 0 0 5 0 0 0 0 0 0 0 0 0
0 0 0 0 0 0 0 0 6 0 0 0 0 0 0 0 0
0 0 0 0 0 0 0 0 0 8 0 0 0 0 0 0 0
0 0 0 0 0 0 0 0 0 0 8 0 0 0 0 0 0
0 0 0 0 0 0 0 0 0 0 0 -1 0 0 0 0 0
0 0 0 0 0 0 0 0 0 0 0 0 10 0 0 0 0
0 0 0 0 0 0 0 0 0 0 0 0 0 -9 0 0 0
0 0 0 0 0 0 0 0 0 0 0 0 0 0 -4 0 0
0 0 0 0 0 0 0 0 0 0 0 0 0 0 0 -7 0
0 0 0 0 0 0 0 0 0 0 0 0 0 0 0 0 1
89: It is a square matrix. Dimension = 3, Sum = 6, Average = 0.666667
5 7 4
-6 -4 1
5 1 -7
90: It is a diagonal matrix. Dimension = 16, Sum = 3, Average = 0.0117188
1 0 0 0 0 0 0 0 0 0 0 0 0 0 0 0
0 0 0 0 0 0 0 0 0 0 0 0 0 0 0 0
0 0 -7 0 0 0 0 0 0 0 0 0 0 0 0 0
0 0 0 -7 0 0 0 0 0 0 0 0 0 0 0 0
0 0 0 0 2 0 0 0 0 0 0 0 0 0 0 0
0 0 0 0 0 6 0 0 0 0 0 0 0 0 0 0
0 0 0 0 0 0 1 0 0 0 0 0 0 0 0 0
0 0 0 0 0 0 0 10 0 0 0 0 0 0 0 0
0 0 0 0 0 0 0 0 -8 0 0 0 0 0 0 0
0 0 0 0 0 0 0 0 0 -4 0 0 0 0 0 0
0 0 0 0 0 0 0 0 0 0 7 0 0 0 0 0
0 0 0 0 0 0 0 0 0 0 0 2 0 0 0 0
0 0 0 0 0 0 0 0 0 0 0 0 -3 0 0 0
0 0 0 0 0 0 0 0 0 0 0 0 0 7 0 0
0 0 0 0 0 0 0 0 0 0 0 0 0 0 -6 0
0 0 0 0 0 0 0 0 0 0 0 0 0 0 0 2
91: It is a square matrix. Dimension = 6, Sum = 39, Average = 1.08333
4 3 10 -8 -4 -6
-3 -1 8 -1 -7 -6
-5 3 3 9 -3 6
-3 7 5 10 4 2
-7 10 10 -4 -6 8
2 -1 1 1 0 -2
92: It is a square matrix. Dimension = 16, Sum = 75, Average = 0.292969
6 -7 7 8 8 3 -8 0 1 -2 8 -1 6 2 -1 -8
5 -7 3 4 -1 6 2 2 -6 4 -8 3 3 -2 -9 -9
-8 -1 0 10 -9 2 -9 -7 1 8 2 -3 0 2 -2 -6
4 10 0 4 -2 -9 -5 1 -4 9 6 0 -4 -2 0 9
6 10 8 6 1 9 0 -9 6 3 9 7 -6 8 3 0
0 -8 -7 7 4 10 9 1 8 -4 10 5 3 0 3 -2
-1 -7 5 1 -9 -5 -7 -2 -1 -8 7 3 1 -1 4 10
0 -2 6 5 9 -3 -5 6 2 -6 -8 -5 3 5 -6 3
-1 1 -7 -9 -3 8 -2 5 1 -6 9 -9 -6 2 -9 -5
2 6 9 0 -8 -7 8 -4 -3 9 0 1 -5 -5 -6 3
5 8 3 -9 -3 3 -2 7 -2 -4 8 2 0 0 6 -9
7 -3 -8 1 -1 9 6 -3 8 -5 0 -8 -9 3 5 6
-8 9 -2 -1 1 5 7 9 3 4 -8 -8 5 -1 4 2
5 5 -8 6 4 7 4 -7 3 -7 -6 3 -3 0 10 -9
-9 -2 -9 1 4 7 -9 -4 -7 4 -3 7 -7 10 -2 -1
-3 -1 6 2 -5 0 4 -1 -6 -1 -8 -7 9 -9 -7 1
93: It is a square matrix. Dimension = 3, Sum = 17, Average = 1.88889
-9 4 1
4 9 3
-3 8 0
94: It is a diagonal matrix. Dimension = 9, Sum = 12, Average = 0.148148
-1 0 0 0 0 0 0 0 0
0 0 0 0 0 0 0 0 0
0 0 5 0 0 0 0 0 0
0 0 0 8 0 0 0 0 0
0 0 0 0 -5 0 0 0 0
0 0 0 0 0 -4 0 0 0
0 0 0 0 0 0 4 0 0
0 0 0 0 0 0 0 4 0
0 0 0 0 0 0 0 0 1
95: It is a low triangle matrix. Dimension = 10, Sum = 71, Average = 0.71
10 0 0 0 0 0 0 0 0 0
6 2 0 0 0 0 0 0 0 0
0 6 4 0 0 0 0 0 0 0
10 6 -2 10 0 0 0 0 0 0
-1 8 -5 9 -7 0 0 0 0 0
2 6 2 2 -5 10 0 0 0 0
-9 1 -1 -4 -1 5 1 0 0 0
9 -1 2 8 -6 -7 -3 9 0 0
-2 8 -4 -3 0 4 -5 4 3 0
-3 -5 10 0 -1 6 -9 -9 9 -8
96: It is a diagonal matrix. Dimension = 7, Sum = 34, Average = 0.693878
6 0 0 0 0 0 0
0 -1 0 0 0 0 0
0 0 7 0 0 0 0
0 0 0 6 0 0 0
0 0 0 0 10 0 0
0 0 0 0 0 -3 0
0 0 0 0 0 0 9
97: It is a square matrix. Dimension = 5, Sum = -41, Average = -1.64
-1 -8 -7 5 -9
2 10 -5 -5 -6
-7 -8 -6 -6 0
1 6 0 -1 7
-2 5 -6 -2 2
98: It is a diagonal matrix. Dimension = 19, Sum = 26, Average = 0.0720222
0 0 0 0 0 0 0 0 0 0 0 0 0 0 0 0 0 0 0
0 7 0 0 0 0 0 0 0 0 0 0 0 0 0 0 0 0 0
0 0 -5 0 0 0 0 0 0 0 0 0 0 0 0 0 0 0 0
0 0 0 4 0 0 0 0 0 0 0 0 0 0 0 0 0 0 0
0 0 0 0 8 0 0 0 0 0 0 0 0 0 0 0 0 0 0
0 0 0 0 0 9 0 0 0 0 0 0 0 0 0 0 0 0 0
0 0 0 0 0 0 6 0 0 0 0 0 0 0 0 0 0 0 0
0 0 0 0 0 0 0 2 0 0 0 0 0 0 0 0 0 0 0
0 0 0 0 0 0 0 0 9 0 0 0 0 0 0 0 0 0 0
0 0 0 0 0 0 0 0 0 -3 0 0 0 0 0 0 0 0 0
0 0 0 0 0 0 0 0 0 0 1 0 0 0 0 0 0 0 0
0 0 0 0 0 0 0 0 0 0 0 5 0 0 0 0 0 0 0
0 0 0 0 0 0 0 0 0 0 0 0 -6 0 0 0 0 0 0
0 0 0 0 0 0 0 0 0 0 0 0 0 -3 0 0 0 0 0
0 0 0 0 0 0 0 0 0 0 0 0 0 0 -1 0 0 0 0
0 0 0 0 0 0 0 0 0 0 0 0 0 0 0 -5 0 0 0
0 0 0 0 0 0 0 0 0 0 0 0 0 0 0 0 0 0 0
0 0 0 0 0 0 0 0 0 0 0 0 0 0 0 0 0 2 0
0 0 0 0 0 0 0 0 0 0 0 0 0 0 0 0 0 0 -4
99: It is a low triangle matrix. Dimension = 7, Sum = 46, Average = 0.938776
5 0 0 0 0 0 0
-1 6 0 0 0 0 0
4 5 1 0 0 0 0
3 8 0 -6 0 0 0
-3 8 -2 -9 5 0 0
8 -2 8 6 5 -9 0
0 8 -3 8 4 -2 -9

Time: 
0 sec, 383009 nsec